255.000000
255.000000
255.000000
0.000000
0.000000
134.000000
255.000000
255.000000
255.000000
0.000000
0.000000
134.000000
255.000000
255.000000
255.000000
0.000000
0.000000
134.000000
255.000000
255.000000
255.000000
0.000000
0.000000
134.000000
255.000000
255.000000
255.000000
0.000000
0.000000
134.000000
252.000000
22.000000
252.000000
246.000000
124.000000
245.000000
7.000000
7.000000
113.000000
198.000000
181.000000
250.000000
0.000000
90.000000
159.000000
248.000000
0.000000
199.000000
140.000000
142.000000
39.000000
